0
Bare
0
0
256
0
0
0
0
0
0
0
0
0
0
0
0
0
0
0
0
0
0
0
0
0
0
0
0
0
1
Trainee Sword
2
1
257
0
1
0
0
0
0
0
0
0
0
0
0
0
0
0
0
0
1
0
0
0
0
0
0
100
2
Decorative Mace
2
0
258
0
1
0
0
0
0
0
0
0
0
0
0
0
0
0
0
0
9
0
0
0
0
0
0
300
3
Guard's Sword
2
1
259
0
2
0
0
0
0
0
0
0
0
0
0
0
0
0
0
0
1
0
0
0
0
0
0
250
4
Kobold Axe
2
1
260
0
2
0
0
0
0
0
0
0
0
0
0
0
0
0
0
0
2
0
0
0
0
0
0
50
5
Arming Sword
2
1
261
0
3
0
0
0
0
0
0
0
0
0
0
0
0
0
0
0
1
0
0
0
0
0
0
1000
6
Mace
2
0
262
0
4
0
-1
-3
0
0
0
0
0
0
0
0
0
0
0
0
3
0
0
0
0
0
0
850
7
Femur
2
0
303
0
3
0
0
-2
0
0
0
0
0
0
0
0
0
0
0
0
6
0
0
0
0
0
0
850
8
Flametongue
2
1
304
0
4
0
0
0
0
0
0
0
0
0
0
0
0
0
0
0
1
0
0
2
0
0
0
10000
9
Longsword
4
1
263
0
6
0
0
0
0
0
0
0
0
0
0
0
0
0
0
0
11
0
0
0
0
0
0
1500
10
Magus Sword
2
1
305
0
15
0
0
0
0
0
0
0
0
0
0
0
0
0
0
0
1
0
0
0
0
0
0
10000
11
Spear
2
2
267
0
3
0
0
0
0
0
0
0
0
0
0
0
0
0
0
1
8
0
0
0
0
0
0
800
12
Halberd
2
1
268
0
4
0
0
0
0
0
0
0
0
0
0
0
0
0
0
2
16
0
0
0
0
0
0
1600
13
Light Hammer
2
0
306
0
2
0
0
0
0
0
0
0
0
0
0
0
0
0
0
0
3
0
0
0
0
0
0
300
14
Quarterstaff
2
0
297
0
0
0
0
0
0
0
0
0
0
0
0
0
0
0
0
1
5
0
0
0
0
0
0
50
15
Battleaxe
2
1
264
0
4
0
0
-1
0
0
0
0
0
0
0
0
0
0
0
0
2
0
0
0
0
0
0
1200
16
Greataxe
4
1
265
0
7
0
0
-1
0
0
0
0
0
0
0
0
0
0
0
0
12
0
0
0
0
0
0
1600
17
Warhammer
2
0
266
0
5
0
-1
-1
0
0
0
0
0
0
0
0
0
0
0
0
3
0
0
0
0
0
0
1250
18
Scythe
4
1
269
0
5
0
0
0
0
0
0
0
0
0
0
0
0
0
0
1
7
0
0
0
0
0
0
500
19
Club
2
0
307
0
2
0
-2
-1
0
0
0
0
0
0
0
0
0
0
0
0
6
0
0
0
0
0
0
100
20
Greatclub
4
0
308
0
10
0
-4
-4
0
0
0
0
0
0
0
0
0
0
0
0
14
0
0
0
0
0
0
400
21
Staff of Life
2
0
298
0
0
0
0
0
0
2
0
0
0
0
0
0
0
0
0
0
5
8
0
0
0
0
0
3000
22
Staff of Radiance
2
0
299
0
0
0
0
0
0
2
0
0
0
0
0
0
0
0
0
0
5
5
0
0
0
0
0
3000
23
Dream Blade
2
1
309
0
3
0
0
0
0
0
0
0
0
0
0
0
0
0
0
0
1
0
0
3
0
0
0
5000
24
Iron Staff
2
0
300
0
2
0
0
0
0
0
0
0
0
0
0
0
0
0
0
1
5
0
0
0
0
0
0
200
25
Mythril Sword
2
1
270
0
5
0
0
1
0
0
0
0
0
0
0
0
0
0
0
0
1
0
0
0
0
0
0
3000
26
Mythril Longsword
4
1
271
0
8
0
0
1
0
0
0
0
0
0
0
0
0
0
0
0
11
0
0
0
0
0
0
4000
27
Mythril Battleaxe
2
1
272
0
6
0
0
0
0
0
0
0
0
0
0
0
0
0
0
0
2
0
0
0
0
0
0
3200
28
Mythril Greataxe
4
1
273
0
10
0
0
0
0
0
0
0
0
0
0
0
0
0
0
0
12
0
0
0
0
0
0
4200
29
Mythril Warhammer
2
0
274
0
7
0
0
-1
0
0
0
0
0
0
0
0
0
0
0
0
3
0
0
0
0
0
0
3400
30
Mythril Mace
2
0
275
0
5
0
0
0
0
0
0
0
0
0
0
0
0
0
0
0
3
0
0
0
0
0
0
2200
31
Mythril Scythe
4
1
276
0
8
0
0
0
0
0
0
0
0
0
0
0
0
0
0
1
7
0
0
0
0
0
0
3000
32
Mythril Spear
2
2
277
0
5
0
0
0
0
0
0
0
0
0
0
0
0
0
0
1
8
0
0
0
0
0
0
1600
33
Mythril Halberd
2
1
278
0
6
0
0
0
0
0
0
0
0
0
0
0
0
0
0
2
16
0
0
0
0
0
0
3200
34
Orichalcum Sword
2
1
279
0
8
0
1
3
0
0
0
0
0
0
0
0
0
0
0
0
1
0
0
0
0
0
0
8000
35
Orichalcum Longsword
4
1
280
0
13
0
1
3
0
0
0
0
0
0
0
0
0
0
0
0
11
0
0
0
0
0
0
12000
36
Orichalcum Battleaxe
2
1
281
0
10
0
0
0
0
0
0
0
0
0
0
0
0
0
0
0
2
0
0
0
0
0
0
9000
37
Orichalcum Greataxe
4
1
282
0
16
0
0
0
0
0
0
0
0
0
0
0
0
0
0
0
12
0
0
0
0
0
0
14000
38
Orichalcum Warhammer
2
0
283
0
12
0
0
-1
0
0
0
0
0
0
0
0
0
0
0
0
3
0
0
0
0
0
0
9500
39
Orichalcum Mace
2
0
284
0
8
0
0
0
0
0
0
0
0
0
0
0
0
0
0
0
3
0
0
0
0
0
0
6000
40
Orichalcum Scythe
4
1
285
0
11
0
0
0
0
0
0
0
0
0
0
0
0
0
0
1
7
0
0
0
0
0
0
8000
41
Orichalcum Spear
2
2
286
0
8
0
0
0
0
0
0
0
0
0
0
0
0
0
0
1
8
0
0
0
0
0
0
4000
42
Orichalcum Halberd
2
1
287
0
10
0
0
0
0
0
0
0
0
0
0
0
0
0
0
2
16
0
0
0
0
0
0
3200
43
Adamantite Sword
2
1
288
0
14
0
4
8
0
0
0
0
0
0
0
0
0
0
0
0
1
0
0
0
0
0
0
20000
44
Adamantite Longsword
4
1
289
0
20
0
4
8
0
0
0
0
0
0
0
0
0
0
0
0
11
0
0
0
0
0
0
35000
45
Adamantite Battleaxe
2
1
290
0
16
0
0
0
0
0
0
0
0
0
0
0
0
0
0
0
2
0
0
0
0
0
0
25000
46
Adamantite Greataxe
4
1
291
0
26
0
0
0
0
0
0
0
0
0
0
0
0
0
0
0
12
0
0
0
0
0
0
40000
47
Adamantite Warhammer
2
0
292
0
18
0
0
-1
0
0
0
0
0
0
0
0
0
0
0
0
3
0
0
0
0
0
0
26500
48
Adamantite Mace
2
0
293
0
10
0
0
0
0
0
0
0
0
0
0
0
0
0
0
0
3
0
0
0
0
0
0
18000
49
Adamantite Scythe
4
1
294
0
15
0
0
0
0
0
0
0
0
0
0
0
0
0
0
1
7
0
0
0
0
0
0
20000
50
Adamantite Spear
2
2
295
0
14
0
0
0
0
0
0
0
0
0
0
0
0
0
0
1
8
0
0
0
0
0
0
20000
51
Adamantite Halberd
2
1
296
0
18
0
0
0
0
0
0
0
0
0
0
0
0
0
0
2
16
0
0
0
0
0
0
35000
52
Defender Sword
2
1
310
0
11
10
1
3
0
0
0
0
0
0
0
0
0
0
0
0
1
0
0
0
0
0
0
20000
53
Magus Staff
2
0
301
0
10
0
0
0
0
12
0
0
0
0
0
0
0
0
0
1
5
0
0
0
0
0
0
15000
54
Archmagus Staff
2
0
302
0
15
0
0
0
0
24
0
0
0
0
0
0
0
0
0
1
5
0
0
0
23
0
0
45000
55
Balmung
4
1
311
0
26
0
8
12
0
0
0
0
0
0
0
0
0
0
0
0
11
0
0
6
0
0
0
105000
56
Death Totem
2
0
320
0
0
0
0
0
0
5
0
0
0
0
0
0
0
0
0
0
5
0
0
0
18
0
0
6000
57
Galactica
2
1
313
0
16
0
4
10
0
0
0
0
0
0
0
0
0
0
0
0
1
0
0
0
21
0
0
250000
58
Memento Mori
4
1
312
0
13
0
0
0
0
0
0
0
0
0
0
0
0
0
0
1
7
0
0
0
22
0
0
80000
59
???
0
0
0
0
0
0
0
0
0
0
0
0
0
0
0
0
0
0
0
0
0
0
0
0
0
0
0
0
60
???
0
0
0
0
0
0
0
0
0
0
0
0
0
0
0
0
0
0
0
0
0
0
0
0
0
0
0
0
61
???
0
0
0
0
0
0
0
0
0
0
0
0
0
0
0
0
0
0
0
0
0
0
0
0
0
0
0
0
62
???
0
0
0
0
0
0
0
0
0
0
0
0
0
0
0
0
0
0
0
0
0
0
0
0
0
0
0
0
63
???
0
0
0
0
0
0
0
0
0
0
0
0
0
0
0
0
0
0
0
0
0
0
0
0
0
0
0
0
64
???
0
0
0
0
0
0
0
0
0
0
0
0
0
0
0
0
0
0
0
0
0
0
0
0
0
0
0
0
65
???
0
0
0
0
0
0
0
0
0
0
0
0
0
0
0
0
0
0
0
0
0
0
0
0
0
0
0
0
66
???
0
0
0
0
0
0
0
0
0
0
0
0
0
0
0
0
0
0
0
0
0
0
0
0
0
0
0
0
67
???
0
0
0
0
0
0
0
0
0
0
0
0
0
0
0
0
0
0
0
0
0
0
0
0
0
0
0
0
68
???
0
0
0
0
0
0
0
0
0
0
0
0
0
0
0
0
0
0
0
0
0
0
0
0
0
0
0
0
69
???
0
0
0
0
0
0
0
0
0
0
0
0
0
0
0
0
0
0
0
0
0
0
0
0
0
0
0
0
70
???
0
0
0
0
0
0
0
0
0
0
0
0
0
0
0
0
0
0
0
0
0
0
0
0
0
0
0
0
71
???
0
0
0
0
0
0
0
0
0
0
0
0
0
0
0
0
0
0
0
0
0
0
0
0
0
0
0
0
72
???
0
0
0
0
0
0
0
0
0
0
0
0
0
0
0
0
0
0
0
0
0
0
0
0
0
0
0
0
73
???
0
0
0
0
0
0
0
0
0
0
0
0
0
0
0
0
0
0
0
0
0
0
0
0
0
0
0
0
74
???
0
0
0
0
0
0
0
0
0
0
0
0
0
0
0
0
0
0
0
0
0
0
0
0
0
0
0
0
75
???
0
0
0
0
0
0
0
0
0
0
0
0
0
0
0
0
0
0
0
0
0
0
0
0
0
0
0
0
76
???
0
0
0
0
0
0
0
0
0
0
0
0
0
0
0
0
0
0
0
0
0
0
0
0
0
0
0
0
77
???
0
0
0
0
0
0
0
0
0
0
0
0
0
0
0
0
0
0
0
0
0
0
0
0
0
0
0
0
78
???
0
0
0
0
0
0
0
0
0
0
0
0
0
0
0
0
0
0
0
0
0
0
0
0
0
0
0
0
79
???
0
0
0
0
0
0
0
0
0
0
0
0
0
0
0
0
0
0
0
0
0
0
0
0
0
0
0
0
80
???
0
0
0
0
0
0
0
0
0
0
0
0
0
0
0
0
0
0
0
0
0
0
0
0
0
0
0
0
81
???
0
0
0
0
0
0
0
0
0
0
0
0
0
0
0
0
0
0
0
0
0
0
0
0
0
0
0
0
82
???
0
0
0
0
0
0
0
0
0
0
0
0
0
0
0
0
0
0
0
0
0
0
0
0
0
0
0
0
83
???
0
0
0
0
0
0
0
0
0
0
0
0
0
0
0
0
0
0
0
0
0
0
0
0
0
0
0
0
84
???
0
0
0
0
0
0
0
0
0
0
0
0
0
0
0
0
0
0
0
0
0
0
0
0
0
0
0
0
85
???
0
0
0
0
0
0
0
0
0
0
0
0
0
0
0
0
0
0
0
0
0
0
0
0
0
0
0
0
86
???
0
0
0
0
0
0
0
0
0
0
0
0
0
0
0
0
0
0
0
0
0
0
0
0
0
0
0
0
87
???
0
0
0
0
0
0
0
0
0
0
0
0
0
0
0
0
0
0
0
0
0
0
0
0
0
0
0
0
88
???
0
0
0
0
0
0
0
0
0
0
0
0
0
0
0
0
0
0
0
0
0
0
0
0
0
0
0
0
89
???
0
0
0
0
0
0
0
0
0
0
0
0
0
0
0
0
0
0
0
0
0
0
0
0
0
0
0
0
90
???
0
0
0
0
0
0
0
0
0
0
0
0
0
0
0
0
0
0
0
0
0
0
0
0
0
0
0
0
91
???
0
0
0
0
0
0
0
0
0
0
0
0
0
0
0
0
0
0
0
0
0
0
0
0
0
0
0
0
92
???
0
0
0
0
0
0
0
0
0
0
0
0
0
0
0
0
0
0
0
0
0
0
0
0
0
0
0
0
93
???
0
0
0
0
0
0
0
0
0
0
0
0
0
0
0
0
0
0
0
0
0
0
0
0
0
0
0
0
94
???
0
0
0
0
0
0
0
0
0
0
0
0
0
0
0
0
0
0
0
0
0
0
0
0
0
0
0
0
95
???
0
0
0
0
0
0
0
0
0
0
0
0
0
0
0
0
0
0
0
0
0
0
0
0
0
0
0
0
96
???
0
0
0
0
0
0
0
0
0
0
0
0
0
0
0
0
0
0
0
0
0
0
0
0
0
0
0
0
97
???
0
0
0
0
0
0
0
0
0
0
0
0
0
0
0
0
0
0
0
0
0
0
0
0
0
0
0
0
98
???
0
0
0
0
0
0
0
0
0
0
0
0
0
0
0
0
0
0
0
0
0
0
0
0
0
0
0
0
99
???
0
0
0
0
0
0
0
0
0
0
0
0
0
0
0
0
0
0
0
0
0
0
0
0
0
0
0
0
100
???
0
0
0
0
0
0
0
0
0
0
0
0
0
0
0
0
0
0
0
0
0
0
0
0
0
0
0
0
101
???
0
0
0
0
0
0
0
0
0
0
0
0
0
0
0
0
0
0
0
0
0
0
0
0
0
0
0
0
102
???
0
0
0
0
0
0
0
0
0
0
0
0
0
0
0
0
0
0
0
0
0
0
0
0
0
0
0
0
103
???
0
0
0
0
0
0
0
0
0
0
0
0
0
0
0
0
0
0
0
0
0
0
0
0
0
0
0
0
104
???
0
0
0
0
0
0
0
0
0
0
0
0
0
0
0
0
0
0
0
0
0
0
0
0
0
0
0
0
105
???
0
0
0
0
0
0
0
0
0
0
0
0
0
0
0
0
0
0
0
0
0
0
0
0
0
0
0
0
106
???
0
0
0
0
0
0
0
0
0
0
0
0
0
0
0
0
0
0
0
0
0
0
0
0
0
0
0
0
107
???
0
0
0
0
0
0
0
0
0
0
0
0
0
0
0
0
0
0
0
0
0
0
0
0
0
0
0
0
108
???
0
0
0
0
0
0
0
0
0
0
0
0
0
0
0
0
0
0
0
0
0
0
0
0
0
0
0
0
109
???
0
0
0
0
0
0
0
0
0
0
0
0
0
0
0
0
0
0
0
0
0
0
0
0
0
0
0
0
110
???
0
0
0
0
0
0
0
0
0
0
0
0
0
0
0
0
0
0
0
0
0
0
0
0
0
0
0
0
111
???
0
0
0
0
0
0
0
0
0
0
0
0
0
0
0
0
0
0
0
0
0
0
0
0
0
0
0
0
112
???
0
0
0
0
0
0
0
0
0
0
0
0
0
0
0
0
0
0
0
0
0
0
0
0
0
0
0
0
113
???
0
0
0
0
0
0
0
0
0
0
0
0
0
0
0
0
0
0
0
0
0
0
0
0
0
0
0
0
114
???
0
0
0
0
0
0
0
0
0
0
0
0
0
0
0
0
0
0
0
0
0
0
0
0
0
0
0
0
115
???
0
0
0
0
0
0
0
0
0
0
0
0
0
0
0
0
0
0
0
0
0
0
0
0
0
0
0
0
116
???
0
0
0
0
0
0
0
0
0
0
0
0
0
0
0
0
0
0
0
0
0
0
0
0
0
0
0
0
117
???
0
0
0
0
0
0
0
0
0
0
0
0
0
0
0
0
0
0
0
0
0
0
0
0
0
0
0
0
118
???
0
0
0
0
0
0
0
0
0
0
0
0
0
0
0
0
0
0
0
0
0
0
0
0
0
0
0
0
119
???
0
0
0
0
0
0
0
0
0
0
0
0
0
0
0
0
0
0
0
0
0
0
0
0
0
0
0
0
120
???
0
0
0
0
0
0
0
0
0
0
0
0
0
0
0
0
0
0
0
0
0
0
0
0
0
0
0
0
121
???
0
0
0
0
0
0
0
0
0
0
0
0
0
0
0
0
0
0
0
0
0
0
0
0
0
0
0
0
122
???
0
0
0
0
0
0
0
0
0
0
0
0
0
0
0
0
0
0
0
0
0
0
0
0
0
0
0
0
123
???
0
0
0
0
0
0
0
0
0
0
0
0
0
0
0
0
0
0
0
0
0
0
0
0
0
0
0
0
124
???
0
0
0
0
0
0
0
0
0
0
0
0
0
0
0
0
0
0
0
0
0
0
0
0
0
0
0
0
125
???
0
0
0
0
0
0
0
0
0
0
0
0
0
0
0
0
0
0
0
0
0
0
0
0
0
0
0
0
126
???
0
0
0
0
0
0
0
0
0
0
0
0
0
0
0
0
0
0
0
0
0
0
0
0
0
0
0
0
127
???
0
0
0
0
0
0
0
0
0
0
0
0
0
0
0
0
0
0
0
0
0
0
0
0
0
0
0
0

